10000
79 68 90 46 73 74 93 21 99 42 49 81 46 39 50 89 26 97 84 46 13 54 81 51 8 64 89 85 44 51 51 94 39 84 2 45 76 15 58 31 21 40 86 88 77 58 77 33 25 70
8 81 67 79 73 99 5 9 52 83 79 6 86 2 81 25 25 13 36 25 57 95 72 40 1 78 42 55 73 29 70 5 99 71 92 82 39 27 78 23 67 67 67 23 99 84 6 95 63 90
94 74 58 3 66 62 69 96 83 93 45 94 71 72 82 32 33 8 90 16 7 21 40 10 24 56 69 32 6 70 19 54 44 77 91 5 55 36 94 19 7 81 59 44 48 8 26 45 84 86
82 76 33 91 27 24 17 61 50 78 54 70 32 20 28 91 42 50 79 24 97 79 53 20 91 60 79 89 80 41 5 3 69 76 24 82 55 39 97 69 40 99 51 45 28 39 56 74 48 81
48 18 79 35 97 95 30 49 90 10 58 88 0 43 10 35 62 67 76 49 17 4 64 74 48 25 81 56 14 85 31 38 6 62 91 27 45 68 42 35 74 13 87 86 19 64 98 75 85 82
5 82 71 63 37 2 19 18 59 10 83 93 78 62 58 94 92 2 22 24 20 30 96 28 82 5 90 80 56 59 91 51 86 39 96 40 3 88 54 45 80 13 21 10 91 1 38 80 84 24
20 87 25 13 10 20 70 82 51 73 76 31 7 55 29 87 53 42 70 59 60 95 24 9 9 8 83 84 17 46 34 74 48 3 0 86 31 7 69 70 14 83 50 35 66 71 36 19 88 0
53 38 62 47 4 98 85 41 1 96 77 7 11 97 6 97 47 55 79 53 50 60 22 1 63 86 23 24 9 54 24 11 70 81 66 20 53 28 77 10 28 64 23 55 2 54 66 69 96 39
13 91 81 41 36 6 90 62 46 41 3 99 46 74 75 42 89 27 13 68 3 89 7 51 88 67 50 4 51 0 82 5 86 78 55 92 58 10 41 76 67 78 57 71 65 27 11 58 74 86
98 46 95 47 4 18 18 13 29 79 52 20 17 25 84 33 49 61 43 8 47 79 27 20 76 60 34 69 10 86 35 61 32 19 93 13 97 26 18 90 89 20 19 5 84 0 7 30 45 15
39 25 84 8 93 65 54 79 67 73 48 93 51 11 25 23 91 46 91 27 89 67 84 7 92 31 12 37 71 40 36 41 37 5 32 53 41 43 88 11 82 69 97 75 34 68 35 4 41 6
17 54 63 63 82 72 43 21 76 48 66 84 2 56 9 74 24 88 68 49 94 39 26 67 62 86 78 79 52 72 57 91 75 16 50 48 95 49 22 9 33 42 16 32 82 72 34 91 67 32
13 12 79 23 16 44 86 52 16 65 15 83 19 64 49 89 44 85 55 70 2 99 38 11 49 92 49 79 65 58 98 3 13 7 73 30 99 19 29 89 8 90 3 94 7 79 5 74 66 78
3 73 88 40 99 19 78 43 31 38 76 90 38 43 39 78 50 97 43 91 22 4 68 78 50 12 55 54 51 29 57 97 81 9 29 0 90 91 66 23 51 34 96 76 75 43 32 57 22 8
0 68 81 33 40 56 3 81 36 72 28 67 61 50 14 44 6 98 1 99 29 64 79 33 74 58 36 56 23 66 87 3 85 93 40 86 59 51 76 70 74 4 30 80 61 81 93 69 23 61
93 35 38 73 20 60 68 39 50 69 59 75 70 67 53 55 4 18 43 87 13 78 49 43 13 98 71 31 29 47 33 21 80 56 28 42 13 63 39 8 80 4 71 14 27 88 89 29 24 64
55 74 83 52 87 12 4 2 17 87 29 72 93 1 45 71 62 66 79 6 25 8 66 41 64 16 43 68 68 34 40 69 58 32 13 56 36 14 5 4 25 96 90 35 94 35 10 85 16 29
19 93 21 12 67 17 46 92 80 34 96 9 21 80 34 66 52 32 54 3 55 88 24 35 63 39 88 33 88 48 15 79 71 67 32 23 40 64 67 42 63 58 16 55 95 35 56 86 83 72
16 65 36 47 6 81 74 78 40 62 96 9 34 70 78 18 96 39 38 98 21 34 48 95 71 92 23 80 42 30 44 41 68 77 1 96 47 57 29 99 81 67 42 80 61 74 52 29 16 95
29 45 32 26 18 86 38 86 71 61 84 51 84 99 6 32 80 37 86 41 3 21 66 40 98 15 41 91 6 80 19 11 81 65 26 63 24 91 71 47 52 21 29 27 31 2 73 68 44 23
73 62 42 14 90 39 14 73 36 50 4 58 35 61 53 40 38 86 28 95 16 60 38 79 54 66 2 57 43 52 91 93 48 44 60 81 8 63 92 33 12 60 43 65 44 6 28 57 53 13
67 83 12 10 15 79 27 60 98 50 99 88 57 41 31 41 36 70 11 40 61 28 77 3 0 16 12 45 25 74 81 34 66 45 80 33 65 51 69 18 70 22 33 1 29 97 54 68 39 2
94 11 63 55 31 44 70 81 71 52 89 42 29 70 41 25 9 92 23 29 41 69 14 68 12 52 84 11 16 20 40 4 25 31 52 94 27 96 86 86 49 14 31 71 28 28 79 40 95 46
38 30 81 60 41 11 4 8 52 91 56 10 81 81 3 65 98 14 80 71 98 46 93 21 80 57 71 58 52 90 35 1 85 0 27 40 29 43 90 77 97 3 61 17 28 96 32 10 18 38
18 55 33 52 63 45 3 11 90 16 28 1 31 48 4 29 88 20 90 33 70 21 87 31 35 63 27 68 6 99 34 40 61 90 84 60 3 78 76 51 56 96 40 90 12 33 36 83 9 9
36 92 57 34 80 35 80 5 49 26 67 24 25 85 4 88 14 31 80 68 33 33 32 42 22 88 91 25 56 70 62 17 10 18 13 12 55 59 6 68 51 9 47 64 0 54 7 49 74 7
49 28 83 54 41 83 66 33 68 32 40 24 59 5 22 92 65 96 75 18 41 56 79 28 4 9 69 93 15 75 4 22 94 17 48 43 71 44 65 14 76 29 86 57 96 55 54 94 77 39
48 23 30 86 43 76 18 47 34 27 38 25 43 17 82 94 40 83 69 58 55 98 8 64 97 30 26 83 71 35 23 51 35 27 46 28 16 52 27 53 98 97 8 55 26 90 56 81 20 58
7 0 2 78 77 56 98 34 83 55 16 34 30 23 75 43 16 90 66 84 92 74 40 94 37 84 77 92 36 63 77 96 47 45 33 3 76 83 34 86 78 44 64 35 62 79 79 90 17 78
27 49 18 17 70 8 83 30 13 30 40 73 42 54 73 45 21 76 93 26 97 99 39 1 38 90 45 33 60 4 45 28 8 75 94 23 32 36 19 30 87 32 37 27 81 86 11 75 68 10
39 6 24 88 55 13 95 79 50 5 65 86 49 97 16 58 4 95 22 87 91 5 30 45 20 27 3 86 57 37 16 69 67 67 85 20 81 52 34 71 97 42 98 14 61 23 60 64 22 67
89 84 18 74 44 41 46 2 35 8 90 38 53 11 12 25 10 54 41 74 86 10 96 40 70 64 95 26 58 80 13 56 65 51 42 22 51 28 90 8 5 61 0 22 5 32 16 24 97 5
0 63 72 36 43 80 77 74 78 69 24 18 23 17 2 13 30 20 13 65 78 62 99 11 29 31 20 53 8 84 91 48 49 25 24 18 40 93 0 73 98 97 91 23 81 46 24 35 79 49
20 94 89 77 53 66 53 51 13 3 35 37 70 89 12 16 94 96 61 95 79 53 80 38 41 16 12 3 9 49 25 12 94 11 7 74 37 26 67 63 35 24 88 95 12 3 31 16 47 8
12 56 2 63 91 1 44 33 83 82 99 84 42 90 74 90 33 71 16 21 72 48 5 9 56 20 32 38 20 80 23 14 37 64 11 39 21 33 68 68 68 28 47 96 71 60 90 59 1 90
30 37 74 27 41 87 92 15 34 41 98 0 72 2 5 12 45 36 45 57 62 75 83 42 90 69 68 45 95 92 32 39 19 75 70 80 29 92 18 96 9 14 14 94 45 70 1 41 92 62
80 99 84 44 78 59 71 34 94 30 6 78 91 90 68 95 55 63 97 78 80 38 6 14 40 71 48 49 90 17 88 39 69 64 5 68 18 86 31 97 88 71 50 67 25 85 89 30 29 59
84 85 44 19 62 9 48 48 27 5 45 66 36 26 79 54 21 75 38 35 71 3 23 1 96 47 38 5 88 30 48 81 27 56 29 44 0 87 3 59 71 55 40 39 1 15 28 4 49 55
87 49 61 40 11 85 65 92 35 41 61 11 21 24 2 68 12 15 70 34 93 33 80 71 32 86 45 85 93 60 35 6 33 46 1 78 97 60 71 23 85 15 80 87 13 19 55 58 10 9
83 49 69 25 84 16 45 70 86 69 9 95 96 53 99 11 91 91 81 55 35 82 36 11 95 97 93 27 83 85 63 41 35 95 51 52 96 28 24 56 49 43 69 15 9 30 34 14 23 49
66 85 92 9 33 91 62 44 46 89 66 89 20 19 14 12 17 57 10 20 9 58 47 8 60 5 89 14 74 86 13 51 57 5 30 42 72 17 9 34 88 48 32 6 29 13 11 91 24 92
83 24 66 32 82 89 61 51 23 6 3 18 38 28 62 19 43 79 22 12 62 63 83 65 97 60 97 58 68 79 2 33 59 94 87 87 55 43 79 95 8 64 83 46 15 86 61 10 87 6
14 45 44 33 72 91 46 68 4 33 66 23 17 8 76 13 32 12 61 32 57 98 15 58 93 45 71 7 55 83 7 99 16 29 91 5 59 81 41 7 97 72 15 51 17 85 99 82 26 29
1 3 66 65 6 63 79 64 89 82 1 54 25 10 43 57 7 15 51 19 42 23 30 40 76 21 97 65 42 82 36 69 41 40 55 53 68 74 14 78 33 0 54 96 59 18 82 94 64 80
42 43 77 86 49 92 97 69 72 37 78 47 64 4 41 0 6 26 79 69 32 97 70 3 87 16 40 19 64 40 32 75 30 9 23 14 1 18 37 33 56 87 94 36 76 17 82 53 54 70
66 96 62 78 56 0 32 18 39 12 0 61 1 6 56 9 60 59 87 52 44 91 72 57 95 10 60 15 46 53 72 93 57 48 41 81 66 84 17 29 85 80 20 90 49 75 1 7 13 54
49 84 62 73 82 55 18 84 95 43 19 13 49 66 43 71 35 57 18 52 86 0 95 13 90 75 20 46 72 83 2 74 50 79 9 10 90 65 30 14 59 72 50 63 52 22 24 16 8 97
31 4 54 79 97 51 8 29 80 98 71 63 23 38 34 10 1 41 10 8 17 39 97 16 78 37 20 7 9 53 96 88 99 1 7 88 14 58 89 98 5 99 70 40 65 70 77 63 24 67
30 11 87 56 13 43 21 76 27 54 40 14 36 66 28 31 72 25 60 83 23 54 3 20 76 93 15 60 76 71 90 1 22 70 40 75 56 88 32 75 77 8 5 4 85 6 82 48 69 54
73 0 80 19 50 39 76 15 80 57 15 7 58 82 90 32 23 67 16 16 14 89 24 5 77 26 43 27 67 11 8 39 35 81 87 66 41 13 74 23 65 10 92 35 69 97 22 27 9 24
55 77 75 10 56 53 63 65 53 87 16 67 99 2 8 0 97 14 21 67 46 5 63 63 3 15 40 56 2 17 71 47 19 89 32 98 43 39 83 14 6 35 6 37 75 37 76 48 90 74
83 32 5 9 61 15 98 95 10 71 33 42 79 30 10 42 11 71 61 16 13 1 36 17 26 92 40 37 16 64 57 28 75 55 80 38 4 61 36 66 55 81 46 26 33 24 17 78 7 23
47 7 96 2 71 50 72 96 54 83 22 4 79 77 90 53 65 41 82 50 45 90 47 0 58 35 91 53 86 24 14 79 48 11 16 72 48 75 31 7 75 0 7 96 96 94 97 16 20 71
75 80 70 78 51 16 75 33 28 55 37 19 13 42 65 29 81 22 25 52 1 54 95 61 33 70 22 4 79 51 63 89 93 15 35 75 59 45 34 0 81 6 30 76 56 0 7 85 28 55
94 70 8 6 19 45 4 96 96 62 23 98 84 35 38 60 54 80 29 61 7 72 46 10 64 47 38 37 94 5 84 46 12 16 63 8 0 46 90 9 37 9 87 84 29 41 10 34 56 8
35 37 23 50 72 70 42 64 42 45 54 1 12 47 40 62 61 42 81 84 62 90 69 85 21 87 88 86 15 48 96 80 90 19 60 9 44 50 30 71 14 58 39 85 12 48 74 37 32 31
85 94 29 59 55 35 85 59 23 55 83 66 29 84 9 93 27 79 55 20 25 82 14 32 87 11 59 53 39 82 55 7 75 92 64 68 88 62 95 53 97 5 70 36 26 9 77 3 8 49
58 48 37 86 69 86 44 44 94 42 86 59 38 53 1 31 42 75 65 3 61 93 55 18 48 25 81 79 44 25 87 30 69 98 30 98 7 55 62 31 84 84 13 99 33 6 96 90 47 32
34 83 23 86 10 35 94 20 7 84 32 52 83 95 71 44 85 44 69 43 72 99 79 85 7 18 72 99 84 50 10 61 44 81 72 90 39 61 0 82 86 97 54 61 39 9 32 15 28 73
11 30 78 8 3 25 91 6 39 42 6 58 42 24 7 57 91 16 98 19 77 82 12 47 37 41 17 12 0 96 87 81 47 53 15 77 58 51 29 39 76 58 86 70 27 32 98 70 40 78
80 40 66 69 8 78 38 80 50 83 89 37 37 7 35 73 31 82 76 77 40 92 12 38 23 76 42 18 40 88 11 63 52 27 18 55 11 51 12 32 90 34 78 65 38 39 45 88 63 60
22 39 82 23 90 1 74 64 65 80 22 25 47 60 72 14 82 3 4 21 60 79 3 91 8 90 88 93 27 12 56 93 54 1 23 22 25 30 65 17 61 3 98 59 34 9 60 73 9 20
38 15 41 66 92 13 97 21 52 53 81 3 27 76 37 32 88 54 91 65 20 21 65 24 1 28 26 16 3 72 76 37 62 54 21 28 21 26 17 52 65 7 43 60 24 67 12 20 26 45
61 67 72 56 38 83 83 69 52 98 90 54 63 88 10 96 26 60 88 16 19 87 95 75 66 50 88 91 49 44 59 55 94 97 12 40 12 86 69 42 80 68 11 32 97 15 85 70 3 18
47 36 98 98 6 88 81 19 5 39 98 49 49 21 96 37 34 69 19 91 98 22 18 29 29 63 95 19 79 26 38 15 54 60 66 98 69 58 29 49 28 34 83 15 64 90 0 66 87 98
62 68 48 43 64 95 41 11 84 89 40 46 76 23 61 92 35 66 66 68 95 30 61 73 89 37 91 28 78 59 19 87 86 11 80 65 89 70 18 4 95 81 30 6 83 87 17 8 96 60
21 83 54 54 99 49 50 26 81 4 78 20 9 17 0 0 58 81 43 41 4 15 37 44 5 67 50 26 54 30 98 12 78 56 17 89 25 8 94 77 37 87 36 28 18 56 81 22 2 68
51 5 25 96 58 36 34 98 4 14 1 46 30 57 76 7 7 80 77 41 79 71 69 1 70 92 40 56 19 49 29 73 84 63 23 69 39 57 11 45 32 58 13 16 9 93 34 86 6 86
70 13 2 64 32 97 55 47 98 90 14 49 47 52 52 8 69 43 56 46 7 19 25 48 8 73 53 56 23 8 5 4 80 41 25 96 92 95 39 31 71 59 16 5 75 42 90 97 94 18
29 56 40 95 83 38 28 39 93 35 12 4 59 53 0 77 74 7 8 64 85 95 40 46 50 0 96 55 41 36 21 69 74 51 56 93 58 54 6 20 16 8 5 47 44 44 19 19 61 13
50 85 80 38 10 6 3 14 0 90 43 97 67 98 33 15 47 28 32 32 18 8 56 36 86 42 88 51 33 76 70 37 0 60 25 45 92 1 54 90 8 97 18 19 60 36 50 49 84 3
87 50 57 52 8 23 94 8 46 67 70 75 17 4 39 89 4 22 59 14 34 56 49 49 10 33 98 85 90 95 99 14 63 48 68 67 13 90 94 64 67 66 86 9 80 62 60 65 32 4
13 18 53 48 65 6 10 60 45 45 48 16 96 77 23 27 5 88 23 91 56 35 58 9 24 8 33 50 78 44 54 33 16 20 55 62 87 70 2 12 78 8 10 95 38 28 86 28 76 99
89 40 90 68 42 71 22 7 25 90 47 59 5 82 12 29 93 47 81 16 61 61 61 84 85 59 19 12 19 89 20 28 21 92 95 30 97 84 18 45 67 37 44 39 26 95 72 55 45 2
6 31 61 56 4 55 87 95 16 36 10 23 5 36 68 24 92 27 52 61 25 50 99 37 25 2 3 34 21 53 15 66 36 48 82 38 68 82 95 50 87 6 34 98 40 84 28 50 1 80
73 57 7 31 73 26 12 68 16 63 96 10 46 36 79 20 48 31 61 49 28 84 10 15 67 61 86 87 37 25 7 95 60 35 42 23 22 55 32 23 52 57 48 25 72 3 47 78 32 67
64 41 54 58 83 23 66 12 21 86 97 21 50 17 21 93 50 99 22 3 91 29 45 96 90 3 20 84 91 92 47 99 61 37 95 60 88 0 81 15 45 92 54 95 0 28 63 45 34 6
80 31 71 34 38 90 75 41 68 98 51 48 43 34 16 87 64 3 61 21 46 98 82 10 22 21 60 48 8 59 31 52 58 80 35 67 65 68 46 22 28 94 84 30 82 81 43 30 18 21
96 90 47 68 48 49 36 59 24 90 4 79 34 95 8 58 45 76 42 96 70 67 0 35 57 24 6 80 31 98 7 64 31 62 41 6 51 61 16 92 41 98 45 19 86 91 19 13 85 72
61 46 27 46 36 78 2 83 25 76 42 32 35 94 25 18 32 28 33 72 82 45 17 19 74 71 48 15 42 66 6 49 32 94 88 59 90 99 70 93 34 17 58 22 25 24 51 74 8 48
68 30 53 3 8 15 23 38 85 88 43 99 9 31 35 77 46 40 59 41 68 51 93 94 77 63 25 73 80 75 35 6 93 18 58 80 54 17 38 55 88 30 83 22 54 60 66 18 99 12
5 49 65 77 42 74 83 35 42 22 61 22 32 72 20 48 67 84 18 3 60 51 28 54 58 81 48 20 64 16 98 62 18 58 75 38 61 57 76 30 94 32 54 53 23 60 11 17 54 1
21 2 21 54 91 62 41 1 78 3 98 38 46 81 40 71 69 19 6 4 37 97 87 29 47 97 60 65 17 63 80 52 13 82 44 6 58 91 57 16 77 16 21 21 38 66 39 92 39 9
30 96 61 15 13 13 67 56 58 16 5 48 86 76 82 29 28 73 96 22 91 54 56 39 59 99 99 29 19 5 1 26 49 78 94 20 1 24 21 58 72 3 18 94 63 22 48 49 8 77
64 2 56 48 42 77 79 83 25 9 92 44 63 14 60 22 78 60 23 92 30 27 91 10 57 53 65 14 73 6 59 60 95 1 86 63 22 68 21 47 28 36 4 55 98 14 51 58 19 81
93 45 44 99 33 59 33 21 59 85 24 14 55 48 35 81 17 90 6 84 47 61 75 17 56 86 39 66 22 55 92 12 99 16 93 63 78 88 27 98 40 90 37 74 10 31 24 59 90 0
77 15 4 4 84 82 9 85 75 11 88 72 76 5 52 54 10 25 96 57 33 11 32 21 76 97 10 90 63 9 82 7 70 7 26 81 41 50 38 13 46 56 28 76 75 87 96 72 61 65
39 94 30 68 76 3 63 50 70 34 69 65 89 59 59 21 11 30 50 50 76 97 99 14 28 84 40 77 46 34 85 36 73 51 2 43 14 87 58 5 23 43 18 89 16 29 37 83 88 41
5 66 13 19 24 12 47 20 19 88 64 15 96 63 98 64 32 47 41 89 79 10 76 29 18 60 39 43 22 84 2 98 62 78 37 36 66 27 6 99 22 80 23 46 30 41 81 25 7 70
61 28 14 49 5 22 8 5 20 68 27 64 38 61 18 44 3 22 29 70 22 11 5 9 66 13 61 70 97 73 24 85 71 52 17 38 30 12 98 82 17 13 76 30 88 21 20 37 34 53
20 64 45 19 89 57 70 30 63 98 92 74 94 15 69 51 0 17 50 39 78 19 24 10 68 60 62 82 1 42 84 90 57 71 36 13 49 16 6 28 72 51 25 19 25 86 75 54 68 90
79 88 21 56 57 94 76 11 45 72 11 56 24 63 23 81 17 37 85 49 54 87 30 96 7 44 54 80 36 39 32 99 39 64 84 84 78 89 21 0 77 3 1 42 2 98 47 92 63 95
76 57 62 0 7 59 99 92 15 95 45 79 54 56 34 4 48 25 81 49 18 56 87 72 56 56 85 94 25 61 61 60 82 41 80 46 62 7 39 23 16 10 67 39 51 37 92 43 12 75
19 70 99 35 18 88 73 73 31 43 87 63 29 87 31 91 53 37 44 9 60 99 37 63 93 39 50 6 46 34 17 98 7 56 69 86 12 51 87 53 61 94 20 83 11 15 53 84 10 62
51 84 66 92 28 50 11 91 58 44 83 31 1 18 6 49 31 28 97 55 46 57 62 17 24 13 93 74 11 24 63 62 29 12 32 20 37 48 69 92 79 92 76 32 48 60 13 56 27 84
95 11 45 37 96 46 62 18 50 31 73 51 92 58 16 38 74 13 73 32 91 50 95 80 12 11 42 2 4 94 24 56 66 61 83 74 44 25 40 1 37 11 31 72 99 37 32 95 79 85
87 28 96 32 71 83 91 58 49 86 10 23 88 60 43 82 24 40 27 92 35 82 66 15 77 68 69 78 28 29 47 88 74 93 2 52 53 52 43 4 36 87 35 80 46 84 96 36 28 78
20 77 33 89 40 59 82 33 65 15 34 25 22 19 23 16 79 38 96 72 98 80 23 79 93 53 16 22 3 64 92 73 52 81 33 88 19 90 74 56 92 42 67 56 59 62 37 75 28 94
34 65 6 92 29 43 29 83 45 79 4 3 9 43 3 22 1 97 71 31 1 34 34 71 13 24 99 85 2 12 0 3 66 41 59 28 1 69 67 42 44 88 24 45 97 42 67 9 66 61
9 56 73 52 64 34 15 45 14 95 25 30 40 24 28 56 45 61 45 77 28 48 55 53 46 4 73 21 94 24 94 28 10 63 77 9 47 56 76 83 78 61 22 77 57 88 55 48 32 69
33 82 96 39 70 12 77 85 30 14 60 30 23 51 75 28 80 81 44 9 16 34 56 78 3 59 27 76 34 78 83 57 96 41 6 29 76 74 52 60 88 39 74 62 23 39 85 95 51 93
75 18 97 80 58 56 26 79 21 78 75 61 61 97 91 28 98 43 38 62 70 61 35 25 57 11 57 40 89 49 80 84 63 21 2 33 57 6 97 10 73 62 99 98 19 76 44 9 55 8
17 40 78 39 69 13 73 87 81 41 90 94 40 14 35 30 1 61 94 84 84 21 50 37 83 94 31 81 30 89 17 42 32 13 43 43 53 30 78 8 60 11 43 74 74 4 90 17 15 87
16 66 68 72 8 9 69 51 98 62 87 35 48 95 49 46 32 54 47 65 70 60 99 1 97 34 75 77 49 80 71 50 49 80 11 51 37 12 0 78 31 49 41 79 93 37 60 6 80 63
87 2 98 25 52 6 44 58 92 9 87 9 91 1 94 16 39 85 88 44 55 43 5 65 69 9 21 92 26 44 55 12 6 60 88 95 45 97 79 32 26 84 0 5 92 41 10 27 76 63
84 84 63 78 18 38 61 49 35 99 34 22 75 19 41 80 14 90 11 54 18 14 99 42 0 29 12 20 54 31 31 11 13 38 47 17 60 37 56 38 19 69 55 19 49 48 46 40 8 31
47 13 76 40 62 5 46 62 62 80 62 24 47 2 56 77 44 42 89 42 31 42 65 77 15 63 65 90 93 84 49 37 26 19 23 37 99 25 83 71 30 25 60 35 72 0 33 91 65 20
37 94 90 8 75 33 21 42 45 1 19 26 74 93 47 61 36 54 48 66 95 19 22 94 26 3 2 81 39 27 23 82 18 64 21 4 40 25 70 27 24 87 56 32 82 62 37 31 44 75
38 17 33 24 74 89 70 97 2 19 78 47 90 74 25 43 60 54 0 48 16 33 79 76 98 21 42 81 37 3 36 29 15 54 44 44 0 67 39 58 79 89 69 82 50 43 33 69 57 77
82 68 1 64 49 4 32 69 73 43 55 45 78 11 96 7 2 5 27 64 56 58 40 80 73 89 32 86 81 48 0 74 2 34 20 31 52 27 82 73 94 38 5 86 70 60 62 2 34 52
10 3 46 42 72 47 17 92 36 30 11 44 45 6 83 8 60 36 51 92 84 79 13 8 76 40 16 69 25 40 83 24 57 24 41 10 94 92 1 81 75 22 80 8 17 4 81 54 9 72
18 25 37 55 32 98 3 18 22 87 36 91 17 8 5 86 34 76 75 38 23 59 79 10 17 0 41 48 81 50 24 12 6 44 83 87 27 12 83 26 14 26 95 86 14 81 72 71 85 21
41 84 82 1 9 24 97 19 31 97 21 45 80 56 91 17 19 0 64 11 94 31 96 56 10 70 82 64 12 26 44 23 88 96 16 75 57 38 19 59 36 87 12 71 96 34 25 31 99 82
80 62 40 56 47 70 51 1 52 81 54 65 46 63 80 40 19 81 29 62 63 2 77 32 67 11 4 98 27 28 83 2 16 54 51 77 54 29 58 4 64 64 44 85 53 30 0 41 88 36
93 55 19 22 63 34 20 13 48 28 87 64 63 2 55 10 51 76 92 10 79 12 77 65 63 28 72 56 97 86 79 31 95 33 13 98 99 54 22 90 88 41 29 45 81 74 41 90 2 48
58 83 33 22 30 33 31 51 58 36 96 54 8 82 47 13 22 30 54 13 27 99 39 74 94 85 36 24 4 63 78 57 87 94 79 67 93 66 18 44 94 37 81 65 96 21 55 92 57 31
47 47 10 85 46 27 75 7 5 47 73 11 28 44 83 74 68 9 6 54 12 12 83 39 16 61 52 85 10 88 64 32 50 80 10 88 63 96 90 72 36 47 3 41 32 7 42 97 73 75
84 85 52 96 65 1 55 76 77 17 28 8 54 33 24 78 41 27 34 69 10 48 50 1 12 70 74 39 76 3 88 27 11 93 96 2 51 47 62 35 8 30 23 55 45 1 82 25 50 82
59 70 52 63 14 85 70 24 71 92 63 56 72 71 93 54 30 69 66 56 28 80 9 91 5 62 81 36 4 72 30 21 51 20 8 33 90 59 75 79 66 11 67 91 6 84 6 20 70 94
50 89 20 60 77 70 40 37 64 6 76 37 4 20 8 2 64 84 59 74 70 60 47 35 65 12 9 28 1 47 75 49 99 90 9 86 62 74 96 81 74 2 32 32 92 37 93 39 8 91
92 53 0 15 26 82 74 89 14 91 63 12 18 66 27 44 86 43 96 97 90 28 93 72 90 31 55 9 78 82 21 87 45 43 51 12 49 0 95 34 78 45 34 8 34 25 87 17 49 83
81 85 12 99 92 34 77 72 88 34 15 83 0 85 94 14 31 37 43 0 87 44 12 56 6 87 78 51 8 9 2 15 55 4 90 58 61 48 16 32 75 63 1 67 47 80 41 49 41 5
65 17 55 77 34 30 99 82 58 74 96 22 7 98 47 43 38 23 78 5 90 53 39 45 94 25 48 73 93 6 79 45 43 81 17 46 5 21 6 17 19 13 39 57 67 64 95 76 37 9
61 69 5 28 98 62 86 68 37 22 2 72 74 58 69 5 99 78 41 9 27 37 30 22 9 29 33 69 21 6 62 44 15 95 50 37 51 4 5 93 83 94 86 1 65 40 8 75 14 78
6 66 27 36 98 42 88 92 62 62 1 23 93 70 15 16 64 87 32 87 40 9 16 37 21 2 86 32 51 8 51 22 17 96 27 81 11 56 86 81 75 45 74 22 87 0 62 24 17 36
13 46 34 7 27 38 38 90 49 62 39 54 0 89 57 99 55 53 24 52 38 65 53 11 74 86 59 54 29 11 50 28 44 71 98 48 15 27 70 2 44 34 76 35 31 40 19 89 66 57
4 44 9 8 99 18 42 2 81 54 48 39 78 40 83 14 93 91 97 40 61 83 24 83 84 13 99 47 17 64 26 71 82 92 25 42 47 11 20 41 63 87 68 21 79 34 76 91 43 71
67 19 7 78 36 33 18 58 59 24 53 78 24 60 30 27 85 41 67 91 23 11 21 66 2 30 55 29 98 44 10 78 56 10 31 75 52 66 64 52 1 77 3 68 44 0 95 47 29 92
1 89 60 36 9 63 23 12 64 90 30 24 92 90 54 49 5 1 48 92 86 26 60 66 52 26 47 43 54 83 97 29 45 32 10 34 86 33 46 49 73 37 52 98 5 60 87 23 19 98
33 75 4 65 83 92 55 75 21 5 66 93 22 9 4 21 86 55 18 20 30 66 72 14 8 82 28 36 69 0 52 53 84 39 13 20 88 79 72 31 61 49 39 86 91 29 94 27 24 28
77 9 53 50 6 24 73 16 10 46 0 86 26 56 86 73 12 89 66 68 41 50 2 1 60 33 41 18 45 66 55 90 22 87 7 10 30 66 59 33 48 44 63 69 5 16 29 55 42 79
95 93 85 26 19 92 20 38 25 17 94 79 34 88 71 19 32 37 44 33 40 26 23 75 30 76 90 99 62 47 94 29 83 36 61 89 40 83 32 95 18 85 96 92 12 2 44 67 9 52
94 93 50 59 84 70 14 56 25 92 48 77 14 73 14 6 48 98 78 71 77 14 3 35 88 6 70 21 33 55 90 94 30 17 7 84 75 58 46 97 99 53 13 64 37 72 12 30 1 24
24 65 18 83 70 33 64 93 82 54 19 4 72 86 71 32 10 42 24 86 94 52 75 98 86 56 57 93 99 14 74 21 13 32 2 85 26 61 9 74 25 66 71 54 6 74 70 87 42 70
18 73 79 64 32 23 81 82 4 89 85 73 23 45 26 96 82 16 45 61 21 51 82 33 80 29 2 11 74 45 61 18 28 2 4 45 51 99 42 61 54 74 58 39 52 85 91 24 62 52
82 93 44 62 59 26 17 22 11 25 35 67 49 47 17 97 65 66 21 18 32 25 84 55 34 93 96 4 26 79 83 9 52 98 56 85 57 84 36 62 25 87 22 93 91 31 87 69 78 21
23 73 81 44 65 80 51 13 65 68 49 74 62 73 51 68 7 69 79 39 31 5 83 12 26 42 10 60 59 4 51 1 0 59 66 16 58 8 62 54 38 37 15 60 45 3 48 3 88 96
8 37 13 53 90 68 14 99 65 79 2 8 28 24 74 41 93 10 8 12 14 11 8 71 38 32 57 30 96 44 12 80 94 93 87 96 89 58 85 72 54 41 38 71 13 81 9 9 40 72
2 46 93 34 76 20 92 32 4 73 47 64 82 78 20 83 71 27 5 55 94 67 18 43 10 7 52 66 97 50 91 47 79 5 17 38 76 24 65 19 33 65 17 31 36 89 29 68 76 91
17 42 19 1 18 55 5 6 88 24 30 91 22 35 3 55 77 40 35 73 82 45 96 75 9 33 76 57 63 94 77 76 70 82 56 97 78 47 10 74 88 8 91 18 63 86 54 72 0 17
74 71 98 79 34 44 89 70 98 56 53 59 12 35 73 61 81 28 95 28 18 60 97 80 95 24 48 39 71 52 2 34 23 82 31 68 5 29 53 3 82 88 48 74 13 9 18 34 36 63
52 44 69 84 30 42 16 23 18 46 92 12 36 33 29 89 17 38 71 5 82 88 58 19 16 67 91 43 16 77 97 33 47 12 55 6 45 20 99 72 86 15 89 22 75 34 87 89 35 10
33 26 51 7 26 67 37 47 32 14 59 22 98 15 81 58 14 3 62 78 62 50 66 27 76 5 55 67 84 84 10 61 43 13 66 23 25 83 95 3 34 88 61 14 94 28 21 60 71 90
5 37 46 47 13 77 64 39 23 47 93 76 39 59 27 0 98 58 69 51 54 19 72 41 46 72 55 11 93 96 16 7 70 0 66 49 98 59 72 20 5 72 97 56 28 77 98 58 68 70
73 39 76 61 47 72 7 34 97 14 50 80 62 98 55 93 79 16 74 25 2 58 50 19 54 59 26 64 83 27 24 32 58 0 89 85 99 39 78 43 45 87 8 78 66 93 0 43 25 53
92 53 56 69 14 10 46 52 12 74 46 43 62 47 86 24 50 61 15 1 85 50 75 73 26 68 69 48 38 1 60 54 89 58 91 47 24 0 35 7 10 38 56 33 16 55 75 42 15 51
78 11 92 7 93 74 23 67 9 55 40 85 97 21 49 96 56 84 74 58 98 70 26 1 59 63 71 89 89 89 66 86 5 61 67 26 99 84 4 70 81 35 63 87 42 52 81 80 50 51
86 8 84 45 74 86 32 74 64 41 63 81 2 97 37 19 87 20 67 58 11 72 62 48 70 16 27 96 24 21 15 82 59 60 27 81 47 91 43 86 82 70 90 53 42 65 48 48 11 86
98 68 5 41 47 31 38 49 86 83 82 88 76 46 9 71 40 99 19 31 87 39 22 35 33 72 5 19 57 30 5 83 52 28 55 47 32 97 73 34 94 68 48 12 93 93 71 97 38 0
61 73 14 22 71 83 48 78 54 96 44 99 88 88 89 66 74 1 85 25 0 77 61 26 74 50 68 27 69 98 4 15 33 28 75 65 56 58 44 38 17 65 95 41 8 28 19 29 44 17
12 58 10 18 75 22 55 7 51 73 92 43 33 59 41 88 15 11 25 52 17 12 86 53 96 62 93 3 89 21 14 94 93 28 17 50 64 92 98 37 42 79 61 14 61 99 93 18 1 36
81 66 66 79 27 77 76 83 84 22 28 17 91 49 47 91 46 39 25 67 73 2 16 85 73 65 59 72 94 33 78 82 99 75 17 44 78 16 27 43 86 63 21 18 74 11 71 62 11 18
36 45 51 72 29 98 84 89 25 67 71 9 19 6 0 44 2 45 21 47 99 66 53 41 32 83 19 80 59 70 66 95 46 92 26 69 64 8 31 22 52 32 29 93 96 16 57 5 76 20
53 46 36 61 49 34 1 3 81 13 85 74 33 37 59 67 19 19 18 88 37 66 92 41 84 4 55 91 19 67 55 91 50 97 46 61 64 98 39 47 83 98 43 96 35 17 39 41 26 8
95 78 93 45 78 62 20 2 15 52 83 82 12 86 51 13 31 45 59 74 74 29 49 87 7 57 79 37 77 31 53 66 24 37 15 47 11 32 84 45 83 18 76 52 71 87 53 51 51 69
11 25 98 61 97 0 21 83 54 18 65 28 29 2 50 67 83 41 2 28 93 44 41 68 36 29 17 16 56 68 32 11 93 32 86 89 49 72 9 95 71 8 86 64 15 70 17 15 5 21
26 1 10 85 13 49 28 8 49 87 31 47 40 54 94 7 36 91 78 49 31 4 90 12 76 42 44 93 52 45 2 49 7 99 86 20 88 28 51 2 2 51 21 10 97 17 29 31 16 65
39 56 86 62 64 82 1 97 52 53 85 73 84 47 52 7 16 69 42 33 96 91 56 59 30 89 69 78 80 25 25 97 63 65 98 38 95 62 56 26 30 62 7 88 47 17 11 59 82 1
78 76 96 28 46 16 46 26 15 36 74 25 60 9 27 5 87 24 21 57 70 44 40 61 56 55 34 61 61 12 91 61 24 71 93 13 81 86 20 73 59 80 11 53 91 64 20 94 60 85
6 19 80 67 52 25 8 85 15 90 70 96 15 27 43 60 41 61 94 40 94 97 9 50 76 25 90 75 34 56 67 30 21 93 79 49 42 0 13 7 65 42 30 26 94 54 34 20 59 41
59 54 77 52 56 36 31 34 24 7 37 70 94 41 63 33 15 73 28 34 69 10 67 37 46 58 29 13 76 53 31 14 28 67 28 17 20 99 56 79 89 3 14 99 48 77 72 66 79 11
82 73 65 11 9 1 52 33 17 46 78 79 95 51 85 9 60 12 42 32 33 86 37 12 14 10 51 74 3 78 65 11 29 84 25 87 35 89 82 71 37 59 25 80 33 38 73 56 79 71
97 40 72 99 32 20 43 44 74 72 24 87 45 57 83 24 68 12 93 1 91 59 45 69 12 50 71 80 88 86 17 44 32 59 52 56 15 71 4 33 70 91 38 21 78 30 2 19 78 25
1 17 73 13 62 90 2 44 18 50 53 2 12 71 28 67 50 50 46 27 53 75 41 76 77 91 4 27 52 74 87 7 31 65 53 95 0 98 31 86 85 70 49 86 76 2 52 87 91 24
84 87 6 45 44 72 76 9 34 15 46 64 22 74 14 1 88 92 86 94 53 67 25 62 69 52 28 47 95 83 88 95 34 13 76 69 90 26 52 77 1 49 77 80 5 6 77 6 66 59
78 21 31 69 28 46 23 10 11 59 58 98 15 66 70 69 59 23 86 26 38 31 81 62 62 57 56 45 57 39 22 46 22 99 30 49 55 66 67 90 45 40 9 8 94 79 95 15 74 25
89 18 52 98 1 52 10 13 48 84 34 80 36 21 37 19 78 20 80 11 12 91 69 97 94 60 11 10 78 57 2 62 65 30 37 51 0 24 10 98 3 86 5 85 54 83 61 67 56 10
79 91 28 90 33 1 66 95 64 77 23 88 66 63 14 82 31 2 66 12 23 43 9 6 86 40 77 57 34 52 2 79 68 76 7 43 36 59 84 25 37 55 40 42 77 8 33 59 92 82
83 31 54 42 61 7 44 15 4 46 23 64 62 97 81 55 31 16 71 15 80 22 23 34 21 82 37 77 88 26 1 54 57 43 10 30 10 56 85 45 66 52 88 55 82 23 15 38 95 92
64 7 37 78 40 23 30 69 45 59 55 31 63 88 53 51 93 65 81 93 0 55 36 19 53 30 1 80 67 81 42 75 52 56 85 79 63 84 61 43 87 31 17 56 21 92 64 96 20 17
51 66 68 67 29 35 19 52 53 39 37 95 46 26 48 65 93 86 14 0 4 73 73 73 18 10 90 46 80 6 46 77 31 15 87 72 46 73 63 21 78 23 4 59 32 98 60 1 73 22
65 50 75 81 28 63 80 14 50 94 56 79 90 31 72 90 48 63 84 89 41 48 51 72 87 84 15 46 62 66 89 38 29 8 28 45 85 47 71 41 30 51 44 48 15 75 70 37 47 18
28 35 50 53 48 98 24 69 55 73 94 91 67 31 49 77 25 18 63 74 87 23 84 46 89 57 85 43 5 17 14 88 73 29 11 55 68 95 31 53 4 54 65 55 64 16 34 28 79 28
6 29 24 84 79 89 53 79 51 29 48 24 5 10 64 61 17 74 66 27 44 31 35 34 42 55 72 77 36 15 23 41 73 32 55 24 73 24 6 95 83 82 80 37 67 42 56 45 11 96
22 1 87 16 52 72 43 12 18 36 77 61 25 76 50 6 24 21 27 40 97 60 98 0 92 27 88 72 56 3 46 8 1 7 99 41 70 0 42 76 40 18 95 61 33 55 61 9 73 17
22 30 94 18 15 88 97 42 54 59 83 72 88 80 11 46 33 73 52 99 44 21 80 20 36 92 46 25 16 44 42 74 4 84 58 89 82 59 85 98 41 54 59 25 43 21 4 77 7 73
75 10 31 99 93 18 91 2 39 85 63 96 16 2 53 60 93 73 3 16 31 3 43 41 17 57 92 34 97 60 35 72 87 19 75 64 6 70 58 90 86 40 20 14 65 93 70 59 80 77
33 27 49 99 73 85 28 74 88 99 64 56 25 32 25 36 39 64 66 49 2 55 73 98 16 80 41 38 37 29 51 96 79 2 32 51 45 55 47 7 67 90 33 10 36 90 6 44 24 54
13 40 51 95 97 35 43 2 48 43 33 85 74 60 67 51 45 31 81 22 74 35 64 50 23 72 21 89 94 85 3 98 89 67 96 60 25 59 2 85 78 35 70 32 71 75 88 99 97 1
82 81 70 56 39 35 62 94 45 97 12 32 47 0 43 5 84 82 18 14 87 25 73 24 58 91 18 73 41 53 7 71 73 17 4 1 16 5 81 78 73 37 45 3 19 59 19 80 89 85
32 32 79 8 38 14 72 9 14 0 98 51 74 85 56 57 98 51 89 37 77 93 44 7 57 87 1 11 90 92 12 89 84 8 28 20 67 94 0 70 70 57 4 52 40 46 17 75 49 46
48 45 23 47 55 20 17 5 31 91 45 55 99 55 73 52 22 76 20 63 39 40 49 13 88 65 19 0 12 78 7 31 53 0 46 62 88 77 80 31 29 24 30 71 13 9 99 52 54 15
65 17 59 22 24 84 45 93 58 6 79 72 93 75 35 42 35 4 94 87 96 41 57 94 62 84 80 78 64 95 3 48 85 20 4 88 62 56 71 59 5 78 83 94 38 50 17 3 99 4
17 31 80 60 1 16 99 60 74 98 29 76 49 47 34 73 24 28 7 59 57 37 23 19 72 90 74 7 43 33 51 34 86 19 45 2 80 27 53 60 75 77 38 16 31 52 49 74 71 57
92 16 4 61 49 0 90 22 20 68 71 46 58 45 43 58 69 54 31 19 26 79 1 98 20 60 79 87 86 49 64 95 59 60 13 0 19 58 51 5 99 31 32 43 38 89 61 56 73 56
18 39 11 84 16 59 56 50 23 85 65 46 38 17 8 6 16 80 4 68 48 81 49 30 37 11 54 61 95 61 64 37 42 46 87 5 67 97 11 80 38 81 45 83 59 91 15 29 53 58
51 23 93 34 51 27 70 45 48 50 14 45 22 72 48 95 20 99 18 82 14 66 10 76 60 21 19 43 54 15 91 12 44 85 62 18 62 50 38 92 54 26 28 94 46 40 68 68 74 9
82 35 77 1 18 83 28 1 15 96 80 53 74 55 61 88 35 95 11 63 34 54 94 26 98 82 58 69 84 4 10 50 69 6 9 5 97 32 23 24 67 12 3 21 67 19 82 53 91 29
96 5 34 37 70 29 10 19 16 71 64 43 3 3 80 15 28 56 2 19 41 88 3 48 28 12 46 27 99 0 69 69 77 99 61 33 24 10 20 28 9 0 87 79 62 37 29 21 39 64
37 66 17 81 7 1 45 36 84 64 40 40 97 21 57 27 98 11 21 99 38 31 29 24 27 13 70 98 18 0 47 75 34 22 47 65 71 7 74 29 60 0 97 20 9 63 81 41 62 39
75 52 11 54 34 23 83 97 86 46 97 33 55 28 38 61 92 1 13 46 21 69 60 26 48 58 80 81 77 50 40 63 14 62 77 20 38 32 73 95 54 47 53 75 58 65 86 1 50 66
42 4 22 97 87 21 9 38 11 62 83 91 80 16 83 6 30 62 68 81 12 53 44 74 41 1 68 59 79 27 51 19 60 68 34 56 90 67 52 20 8 35 60 49 40 15 84 37 54 79
51 21 14 94 99 87 58 53 15 30 69 48 22 0 94 1 52 46 41 17 33 94 3 50 9 8 11 9 88 63 16 45 91 83 17 53 83 56 26 7 83 36 22 6 87 64 91 2 76 92
89 56 55 74 23 57 96 93 60 78 13 73 40 15 30 22 19 48 85 74 28 56 35 66 57 87 27 53 23 55 29 25 7 99 43 32 3 58 82 96 44 34 43 2 15 13 15 20 65 61
89 68 24 11 92 27 5 46 17 59 50 64 1 14 97 60 89 59 34 64 7 61 80 24 36 41 63 71 63 9 82 81 10 66 40 54 23 45 15 97 63 7 6 23 80 71 33 25 70 33
48 26 53 28 45 24 30 32 1 24 98 46 14 15 78 19 50 51 5 37 14 60 13 28 1 72 20 10 29 24 99 61 93 86 2 6 8 8 62 92 2 17 16 58 13 32 32 38 65 67
34 87 10 34 88 7 86 6 20 72 40 31 76 54 26 32 97 47 73 16 46 89 30 59 26 80 19 31 59 77 49 6 22 76 26 81 55 97 21 52 65 30 38 12 84 94 97 58 4 44
25 37 42 37 90 73 40 77 12 99 1 81 86 86 45 51 68 88 99 90 92 43 12 22 3 5 65 83 21 46 53 68 98 27 69 14 89 9 48 0 59 11 65 52 3 74 85 39 34 61
99 42 94 75 57 58 74 60 90 46 98 19 48 30 66 19 61 85 72 36 44 12 66 60 25 58 90 27 84 90 30 89 58 63 16 71 94 56 55 39 48 90 94 60 8 8 18 74 42 2
50 27 4 6 76 76 83 4 27 81 39 16 52 95 61 61 92 16 22 95 55 92 23 14 82 3 76 30 11 54 83 30 74 95 54 63 67 74 6 47 84 71 85 11 49 84 79 21 77 68
