500
3 10 16 16 20 3 7 19 19 17 13 18 17 15 18 14 7 0 19 2
3 9 3 14 0 15 10 6 12 8 11 11 12 16 20 2 10 2 17 17
9 9 14 4 20 18 9 0 11 11 14 13 2 12 18 17 15 3 13 16
19 15 12 16 8 13 18 15 16 16 0 18 7 4 1 16 3 19 13 15
4 15 7 3 20 14 15 17 8 17 12 9 17 20 16 15 12 13 6 9
8 0 1 4 20 19 14 16 15 11 6 8 15 14 16 15 13 17 1 9
10 14 3 14 16 8 14 5 13 15 2 20 8 15 11 3 6 13 4 14
0 2 0 14 18 17 2 19 6 7 3 19 1 17 8 20 11 4 0 10
18 18 15 4 17 7 15 18 4 19 16 9 2 13 5 4 18 9 16 13
12 4 16 6 12 0 3 12 2 1 11 20 11 0 0 16 15 10 9 14
10 3 15 14 18 19 5 4 18 16 6 13 19 10 14 19 7 2 17 12
1 6 20 5 1 20 17 1 14 20 6 15 0 4 20 16 6 16 4 5
5 12 8 13 17 13 2 12 9 5 11 5 8 14 15 13 9 14 5 10
16 15 14 3 16 16 8 3 6 7 0 2 14 20 10 13 17 5 0 11
5 11 17 18 17 6 3 19 8 17 18 6 18 9 18 8 17 4 3 8
3 13 5 3 1 11 5 20 20 3 16 10 8 18 2 9 10 5 8 8
2 0 13 8 13 0 1 3 7 0 9 3 3 17 18 11 10 14 19 20
20 19 1 12 10 19 6 19 14 13 3 11 16 8 12 9 11 1 13 0
9 10 9 3 9 13 10 18 0 17 10 6 17 1 3 5 19 3 3 1
4 16 11 19 20 20 9 0 13 18 4 11 13 12 12 7 13 7 4 5
17 0 17 17 12 8 4 7 0 0 8 17 15 13 8 10 4 20 18 2
5 17 1 20 16 8 10 20 16 10 1 0 20 7 15 1 7 16 4 12
11 7 17 8 10 6 11 11 14 20 14 17 15 18 9 6 5 20 13 4
15 0 11 16 13 1 20 5 2 9 11 17 8 4 3 0 17 6 18 9
18 1 12 12 17 16 20 5 16 3 2 4 12 10 17 8 9 1 18 6
